p cnf 31 20
-14 -4 0
-20 9 0
-16 10 0
-16 2 0
6 3 0
-18 -18 0
15 -8 0
8 7 0
20 -4 0
-10 -16 0
-11 11 0
19 19 0
-17 -15 0
3 -20 0
-5 14 0
4 10 0
1 -15 0
13 -1 0
5 -18 0
1 4 0
16 15 0
2 17 0
12 -3 0
-14 10 0
-13 2 0
-8 14 0
16 3 0
-14 14 0
-9 17 0
-2 -14 0
16 -2 0
p cnf 31 20
-14 -4 0
-20 9 0
-16 10 0
-16 2 0
6 3 0
-18 -18 0
15 -8 0
8 7 0
20 -4 0
-10 -16 0
-11 11 0
19 19 0
-17 -15 0
3 -20 0
-5 14 0
4 10 0
1 -15 0
13 -1 0
5 -18 0
1 4 0
16 15 0
2 17 0
12 -3 0
-14 10 0
-13 2 0
-8 14 0
16 3 0
-14 14 0
-9 17 0
-2 -14 0
16 -2 0
p cnf 31 20
-18 -16 0
-7 5 0
1 10 0
-11 17 0
-16 -15 0
7 -10 0
9 10 0
18 -16 0
4 10 0
2 -4 0
-13 -7 0
-10 13 0
19 -5 0
-15 -13 0
17 -10 0
-9 17 0
12 -13 0
-19 -2 0
9 16 0
7 15 0
15 -13 0
-15 -15 0
-8 2 0
-19 16 0
-17 -12 0
-6 -9 0
9 12 0
-4 11 0
14 -12 0
-19 -9 0
16 18 0
