p cnf 40 20
6 -8 0
-11 -14 0
-4 -4 0
17 -7 0
16 14 0
-8 -18 0
13 -2 0
9 -12 0
17 -13 0
-3 18 0
20 10 0
-4 -9 0
6 16 0
19 18 0
11 5 0
-19 2 0
17 -8 0
-8 13 0
16 20 0
-9 -10 0
-20 -6 0
-9 18 0
15 -17 0
6 6 0
-13 -5 0
15 4 0
11 -1 0
-20 16 0
-3 4 0
-1 -16 0
15 -11 0
19 -10 0
-14 10 0
20 1 0
18 20 0
-7 18 0
-9 -13 0
-1 15 0
-8 8 0
4 8 0
p cnf 40 20
14 -12 0
18 15 0
3 -8 0
-14 7 0
-5 -11 0
17 18 0
20 -9 0
-17 9 0
-1 -11 0
15 8 0
5 17 0
-9 3 0
-15 -20 0
-19 -8 0
17 -6 0
-16 -18 0
15 10 0
-1 20 0
-5 15 0
14 -2 0
-7 -3 0
-5 5 0
9 13 0
19 -16 0
-4 18 0
4 -17 0
18 -6 0
14 -10 0
12 7 0
14 -10 0
4 2 0
-17 4 0
-17 -18 0
-19 18 0
19 -3 0
-20 -10 0
-3 -14 0
12 4 0
-13 8 0
-20 -8 0
